      4.665040837024833742   0.0046282112000918911032  -0.0033152544855473285897   -0.048691115538838640464 -0.00042293852598775696612  0.00023139919775013565481 -0.00052139390608139089302  -0.0038679474856537525082  -0.0015788988157046980349  1.2768675715204712119e-05  2.7595472681348366656e-05   0.0069472452731042079813   0.0022077560677884367109 -7.8489452679896131609e-05 -9.9480589655769662764e-05  -0.0022464012321756297169  -0.0046725904267218149046 -2.8396705148576552446e-06   9.194507116473290794e-05   0.0035794026812222684564  -0.0072515958533991582008 -0.00032652869945394645112   7.068479150274462866e-05   -0.019735779686103474551   -0.016426274015210733104 -0.00024596550266304406272   0.0003031682728992831765   0.0085278745268047417144   0.0031946400177834729378 -0.00014695165451406708612  0.00012299890492682439614   -0.012523488699788745335    0.016612186969124982661  0.00021119608633253926402 -0.00022235048201424761839   -0.015384576705492132229   -0.020497943194208157608  0.00098700503262442659813 -0.00013350098801702579778   -0.013369227699174259308    0.007663239336364461099  4.8312290382407675217e-05  -0.0042617506632299110084    0.026952359528231269875  -0.0012314528234316694886   0.0081360270480802122234 -2.8432482054826691036e-05    0.040174938576122802558    0.039696732440000319364   -0.011471402138554525826
  0.0046282112000918911032   4.591672326349247144e-06 -3.2890811628887303095e-06 -4.8306708162825351524e-05 -4.1959950433687339334e-07  2.2957234376590642061e-07 -5.1727759736494430618e-07 -3.8374107537045486986e-06 -1.5664337007855027863e-06  1.2667869375638933145e-08  2.7377611514564809894e-08  6.8923980531052276392e-06  2.1903262408579163866e-06 -7.7869792928512522271e-08  -9.869520874981528151e-08 -2.2286663088004483705e-06 -4.6357011871707530577e-06 -2.8172518399253083755e-09  9.1219181787324985224e-08  3.5511439572814299537e-06 -7.1943458417067749239e-06 -3.2395081560057725392e-07  7.0126748111770353945e-08  -1.957996934578256677e-05 -1.6296591611717116009e-05 -2.4402365038830890347e-07  3.0077481530468935373e-07  8.4605485303977821316e-06  3.1694189241003095876e-06  -1.457914983071818104e-07  1.2202785125980168225e-07 -1.2424618066484477129e-05  1.6481036817152208733e-05  2.0952873218645072238e-07 -2.2059506597170113103e-07  -1.526311831011577602e-05   -2.03361157135732174e-05  9.7921280994675124129e-07 -1.3244702234113438847e-07 -1.3263680112467950571e-05   7.602739475302480771e-06  4.7930873761129436691e-08  -4.228104927831464476e-06  2.6739575621168188709e-05 -1.2217307305344165616e-06  8.0717946152407919888e-06 -2.8208012853427464386e-08  3.9857764846405713917e-05  3.9383334059521939499e-05 -1.1380837534591885813e-05
 -0.0033152544855473285897 -3.2890811628887303095e-06  2.3560163110921956801e-06  3.4602792308970851129e-05  3.0056518139419260316e-07 -1.6444598345305042816e-07  3.7053340930146559178e-07   2.748792711502441071e-06  1.1220590695468962336e-06 -9.0741776799383533238e-09 -1.9610978292311112099e-08 -4.9371242093016595238e-06 -1.5689623011741680502e-06  5.5779256635861156613e-08  7.0696802579657293742e-08  1.5964258452363191461e-06  3.3206196714012889685e-06  2.0180381567382687136e-09 -6.5341616558549037111e-08 -2.5437356732916182101e-06  5.1534137685470389085e-06  2.3205064507324246297e-07 -5.0232801871655768188e-08   1.402541465678923673e-05  1.1673483794085589711e-05  1.7479766297471741288e-07 -2.1544934154230983218e-07 -6.0604130306402523748e-06 -2.2703005222608485423e-06   1.044325545705334441e-07 -8.7410311189499550735e-08  8.8999332561373045171e-06 -1.1805604556993792525e-05  -1.500884551721373937e-07  1.5801542979235061469e-07  1.0933191951146529832e-05  1.4567053214143406648e-05  -7.014242695789073325e-07  9.4873713823845113503e-08  9.5009655105737477192e-06 -5.4459520229854345915e-06 -3.4333576702297474951e-08  3.0286525876519472495e-06 -1.9153943972554621461e-05  8.7514335656394123303e-07 -5.7819429899963280641e-06   2.020580675722954815e-08 -2.8550692260611077903e-05 -2.8210850640101871019e-05  8.1522581953675817403e-06
  -0.048691115538838640464 -4.8306708162825351524e-05  3.4602792308970851129e-05  0.00050821092788729926425  4.4143983630868942781e-06 -2.4152168152148650323e-06  5.4420211546200128968e-06  4.0371496092248325774e-05  1.6479672385599647704e-05 -1.3327237343617835256e-07 -2.8802627792928875357e-07 -7.2511502918611307929e-05 -2.3043336496667555483e-05   8.192294864141805287e-07  1.0383233617929194124e-06  2.3446693343891721989e-05  4.8769913979634441623e-05   2.963890991774213506e-08 -9.5967178846046854151e-07 -3.7359825047656841082e-05   7.568814590785152667e-05  3.4081259280033602439e-06 -7.3776875061480434614e-07  0.00020599115045646338253  0.00017144836109459120148  2.5672518477614850474e-06 -3.1643027187010627453e-06 -8.9009236658726823346e-05 -3.3343885218826147389e-05  1.5338000756133244776e-06 -1.2837945261722802976e-06   0.0001307132470076398129 -0.00017338881765980747036 -2.2043479146747419648e-06  2.3207713261470333137e-06  0.00016057570084659369102  0.00021394619152235872374 -1.0301812515660788153e-05  1.3934094596761855326e-06  0.00013954060281725039032 -7.9984652860330113081e-05 -5.0425696047196498543e-07  4.4481795806398592675e-05 -0.00028131381860965266103  1.2853223326675293782e-05 -8.4919349447289997558e-05  2.9676251873294194408e-07 -0.00041932378393139628893 -0.00041433253282797136369  0.00011973214949969484839
-0.00042293852598775696612 -4.1959950433687339334e-07  3.0056518139419260316e-07  4.4143983630868942781e-06   3.834414381649364917e-08 -2.0978945100426500434e-08  4.7270233595146627716e-08  3.5067303059746764215e-07  1.4314497152908920732e-07 -1.1576243540985756287e-09 -2.5018405942247344627e-09 -6.2984607812265064116e-07 -2.0015796853055414891e-07  7.1159534464423291517e-09  9.0190365793747722006e-09  2.0366158820581066449e-07  4.2362298137620888099e-07  2.5744813471145142317e-10 -8.3358569043207002186e-09 -3.2451319223139989574e-07  6.5743888819879215329e-07  2.9603506521033301894e-08 -6.4083729537057310712e-09  1.7892708469799977231e-06  1.4892268604222784226e-06  2.2299544800231632064e-08 -2.7485620586346454482e-08 -7.7314793335776551877e-07 -2.8963012058958569236e-07  1.3322823598534501915e-08 -1.1151236905577896723e-08  1.1353953879406924088e-06 -1.5060819648977777129e-06 -1.9147305365248098408e-08  2.0158577041685273519e-08  1.3947852595683044395e-06  1.8583695584255840498e-06 -8.9483129563963217768e-08  1.2103369094157712122e-08  1.2120711595505702468e-06 -6.9475900907234260966e-07 -4.3800535933699065738e-09  3.8637572673068699342e-07 -2.4435351391333425447e-06  1.1164507668014640248e-07 -7.3762254336579686609e-07  2.5777249268649258252e-09 -3.6423109457430880773e-06 -3.5989561702125644115e-06  1.0400118843519615771e-06
 0.00023139919775013565481  2.2957234376590642061e-07 -1.6444598345305042816e-07 -2.4152168152148650323e-06 -2.0978945100426500434e-08  1.1478053588391612799e-08 -2.5862609952196910925e-08 -1.9186111684517447476e-07 -7.8317839445905974961e-08  6.3336236917367932792e-10   1.368813363715854779e-09   3.446029818240532769e-07  1.0951093479388526198e-07 -3.8932984761519103355e-09 -4.9345181408393728644e-09 -1.1142784406617828729e-07  -2.317736787161668512e-07 -1.4085567564545581401e-10  4.5607351463545275816e-09  1.7754847980875419155e-07 -3.5969962997257307918e-07 -1.6196745481059148173e-08  3.5061652444830715865e-09   -9.78950398481463191e-07 -8.1478957246766403085e-07 -1.2200583441566592489e-08  1.5038002363325243051e-08  4.2300665588062708437e-07  1.5846316528432132319e-07 -7.2892169973579144583e-09  6.1010929847216798122e-09  -6.212004008977076982e-07  8.2401137992660010317e-07  1.0475922216467786907e-08 -1.1029211737890503844e-08 -7.6311844456365049162e-07 -1.0167558605323228559e-06  4.8958236530743284163e-08 -6.6220259597323999658e-09 -6.6315144330029043717e-07  3.8011830904634387118e-07  2.3964260178031987705e-09 -2.1139486639766368968e-07  1.3369131354235854689e-06 -6.1083537178843060143e-08  4.0356991451330028423e-07 -1.4103313920244253055e-09  1.9927903915423541188e-06  1.9690700169253330907e-06 -5.6901393678337420771e-07
-0.00052139390608139089302 -5.1727759736494430618e-07  3.7053340930146559178e-07  5.4420211546200128968e-06  4.7270233595146627716e-08 -2.5862609952196910925e-08  5.8274217696277708228e-08  4.3230580792705079455e-07   1.764675272065946119e-07 -1.4271064154034431799e-09 -3.0842412304940617352e-09 -7.7646723276261884315e-07 -2.4675251515981063289e-07  8.7724681838071795868e-09  1.1118567882244182427e-08  2.5107173848816355256e-07  5.2223769506393997569e-07   3.173791941915870566e-10  -1.027635158497034838e-08 -4.0005625043808131039e-07  8.1048334182187525974e-07  3.6494873250573362246e-08 -7.9001708301591336289e-09  2.2057931794358840528e-06  1.8359022933261384176e-06  2.7490630559312867506e-08 -3.3883967049625417336e-08 -9.5312816445534757074e-07 -3.5705278808627627427e-07  1.6424228603554387259e-08 -1.3747120705685102541e-08  1.3997027934086362095e-06 -1.8566810784684156978e-06 -2.3604584879101076984e-08  2.4851269342890757496e-08  1.7194757392522732956e-06   2.290977301600362442e-06 -1.1031380587232804938e-07  1.4920898667269608845e-08   1.494227830984986209e-06 -8.5649117133384969936e-07 -5.3996813048879728955e-09  4.7631969422662834488e-07 -3.0123629145970715048e-06  1.3763480753868006837e-07 -9.0933285919267723012e-07  3.1777905909200146645e-09 -4.4902003824994823282e-06 -4.4367530979127991583e-06   1.282115072129975948e-06
 -0.0038679474856537525082 -3.8374107537045486986e-06   2.748792711502441071e-06  4.0371496092248325774e-05  3.5067303059746764215e-07 -1.9186111684517447476e-07  4.3230580792705079455e-07  3.2070496860466202569e-06  1.3091198807600399112e-06  -1.058695279487674499e-08 -2.2880365446344283816e-08 -5.7602024987761666624e-06 -1.8305272836122098559e-06  6.5078333019944594206e-08    8.24828142074286131e-08  1.8625693324701241378e-06  3.8742071128480863056e-06  2.3544695130758360835e-09 -7.6234853938962455594e-08  -2.967807160677649564e-06  6.0125501422235790269e-06  2.7073629281499836987e-07 -5.8607217196702354872e-08  1.6363620830158629664e-05  1.3619594660679189678e-05  2.0393854648222793187e-07 -2.5136735129603518901e-07 -7.0707571458177781237e-06 -2.6487870644740221175e-06  1.2184272387910049192e-07 -1.0198266674837744507e-07  1.0383659719226410523e-05 -1.3773741551942372859e-05 -1.7511001503490359318e-07  1.8435851215171918487e-07  1.2755887218300635002e-05  1.6995557082770425933e-05 -8.1836017467791331639e-07  1.1069030882526374998e-07    1.10848913162211296e-05 -6.3538580601059927965e-06 -4.0057398989455548983e-08  3.5335655867133328515e-06 -2.2347137980499297982e-05  1.0210403335143149445e-06 -6.7458627830368241883e-06   2.357435900711210733e-08 -3.3310437803350956699e-05 -3.2913940476433948483e-05  9.5113381873507593368e-06
 -0.0015788988157046980349 -1.5664337007855027863e-06  1.1220590695468962336e-06  1.6479672385599647704e-05  1.4314497152908920732e-07 -7.8317839445905974961e-08   1.764675272065946119e-07  1.3091198807600399112e-06  5.3438363292518872138e-07 -4.3216013898201016951e-09 -9.3397808631359441552e-09 -2.3513186094872090076e-06 -7.4722249227278577318e-07  2.6565020159744884713e-08  3.3669541313870281076e-08  7.6030207858624046883e-07  1.5814539998173439302e-06  9.6109606958118707029e-10 -3.1119119648364159202e-08 -1.2114609178676234326e-06   2.454327090564777601e-06  1.1051474035760656737e-07 -2.3923506243772420499e-08  6.6796412425985531472e-06  5.5595278787736345766e-06   8.324785450464931785e-08 -1.0260832514923771828e-07 -2.8862879149922840591e-06 -1.0812366958609568334e-06  4.9736283428995668727e-08 -4.1629394491172768658e-08  4.2386170169516045194e-06 -5.6224507454781843041e-06 -7.1480028201549092119e-08  7.5255271065871580043e-08  5.2069619085931049301e-06  6.9375980542022217109e-06 -3.3405518441273751777e-07  4.5183859957358605677e-08  4.5248602356447703064e-06 -2.5936492166623880787e-06 -1.6351457732878745828e-08  1.4424038952880426522e-06 -9.1221170459702383116e-06  4.1678936421754620913e-07 -2.7536658133410565117e-06  9.6230695104785173991e-09 -1.3597343550652287402e-05 -1.3435493069946103297e-05  3.8825347695321102401e-06
 1.2768675715204712119e-05  1.2667869375638933145e-08 -9.0741776799383533238e-09 -1.3327237343617835256e-07 -1.1576243540985756287e-09  6.3336236917367932792e-10 -1.4271064154034431799e-09  -1.058695279487674499e-08 -4.3216013898201016951e-09  3.4949121608126871537e-11  7.5531523556961402267e-11  1.9015293778827918041e-08  6.0428455554195205946e-09  -2.148333537360127072e-10 -2.7228816073601121632e-10 -6.1486211722382587672e-09 -1.2789339684930028535e-08 -7.7724575644594414186e-12  2.5166270528569101075e-10    9.79717727826143898e-09 -1.9848331258945492452e-08 -8.9374117412743086989e-10  1.9347122827568067672e-10 -5.4018770596506682442e-08 -4.4960327987843335749e-08 -6.7323177874573727873e-10   8.298013884608206324e-10  2.3341631547682235634e-08  8.7440440156807052551e-09 -4.0222113543160306636e-10  3.3666010335239369308e-10  -3.427802062556355451e-08  4.5469190032725385325e-08  5.7806446565222612683e-10 -6.0859514399665166214e-10 -4.2109099969509218198e-08 -5.6104887099434943531e-08  2.7015298753298496823e-09 -3.6540533795969450521e-10 -3.6592891470240283879e-08  2.0975039969091208974e-08  1.3223549171440695846e-10 -1.1664830834052492555e-08  7.3771259587745632888e-08 -3.3706075274145706513e-09   2.226910644866402798e-08 -7.7822500556714179755e-11  1.0996275927220783099e-07  1.0865386203197205639e-07 -3.1398356203742077775e-08
 2.7595472681348366656e-05  2.7377611514564809894e-08 -1.9610978292311112099e-08 -2.8802627792928875357e-07 -2.5018405942247344627e-09   1.368813363715854779e-09 -3.0842412304940617352e-09 -2.2880365446344283816e-08 -9.3397808631359441552e-09  7.5531523556961402267e-11  1.6323760908226081719e-10  4.1095571044741291181e-08   1.305970823925127891e-08  -4.642946595475917444e-10 -5.8846513676416208516e-10 -1.3288308934372542875e-08 -2.7640131346409737719e-08  -1.679772007457083794e-11  5.4388970818295708227e-10  2.1173514306942001357e-08 -4.2895919298378135246e-08 -1.9315401772997628855e-09   4.181271506606553557e-10 -1.1674456627486085941e-07 -9.7167594385342826113e-08 -1.4549785406853888115e-09  1.7933544603179184215e-09  5.0445588100036994758e-08  1.8897498310799185776e-08 -8.6927435563631933665e-10  7.2758482493984605231e-10 -7.4081150061399911152e-08  9.8267339493709764359e-08  1.2493043543246149711e-09 -1.3152868037961282116e-09 -9.1005562656826167206e-08 -1.2125305033778623413e-07  5.8385063208816823843e-09 -7.8970859987291406339e-10 -7.9084014616810232393e-08  4.5330945461164914042e-08  2.8578538452224107472e-10 -2.5209859486864148833e-08  1.5943335268497360302e-07 -7.2845070246052925596e-09  4.8127662754437274832e-08 -1.6818883461420810232e-10  2.3764988532432477986e-07  2.3482111601094901859e-07 -6.7857661999188505385e-08
  0.0069472452731042079813  6.8923980531052276392e-06 -4.9371242093016595238e-06 -7.2511502918611307929e-05 -6.2984607812265064116e-07   3.446029818240532769e-07 -7.7646723276261884315e-07 -5.7602024987761666624e-06 -2.3513186094872090076e-06  1.9015293778827918041e-08  4.1095571044741291181e-08  1.0345936631810837448e-05   3.287821788049372217e-06 -1.1688761109896408628e-07 -1.4814791132512997601e-07 -3.3453727173973988553e-06 -6.9584882296330986064e-06 -4.2288777849370022737e-09  1.3692590983657863381e-07  5.3304974653806113459e-06 -1.0799179851792827656e-05 -4.8627119098512123613e-07  1.0526479848801888462e-07 -2.9390804266303181792e-05 -2.4462241273683304311e-05 -3.6629533061329451451e-07  4.5148251096510104471e-07  1.2699832234213435128e-05  4.7575034256227740007e-06 -2.1884249738932365745e-07  1.8317172147089736695e-07 -1.8650157782513338521e-05  2.4739105493185735202e-05  3.1451622048555908208e-07 -3.3112750544132087116e-07 -2.2910930799933354831e-05 -3.0525829020425112974e-05  1.4698619555500361493e-06 -1.9881157322248025115e-07 -1.9909644348874890453e-05  1.1412205190936216368e-05  7.1947351098875841754e-08 -6.3466598009793729688e-06  4.0137837775269342912e-05  -1.833897088046211102e-06  1.2116287386601135178e-05  -4.234205732783883264e-08   5.982909086348374211e-05  5.9116939473000880184e-05 -1.7083375487400086174e-05
  0.0022077560677884367109  2.1903262408579163866e-06 -1.5689623011741680502e-06 -2.3043336496667555483e-05 -2.0015796853055414891e-07  1.0951093479388526198e-07 -2.4675251515981063289e-07 -1.8305272836122098559e-06 -7.4722249227278577318e-07  6.0428455554195205946e-09   1.305970823925127891e-08   3.287821788049372217e-06  1.0448326231513143944e-06 -3.7145562378816930248e-08 -4.7079732656695739552e-08 -1.0631216583703336429e-06 -2.2113289523665394254e-06 -1.3438895882624676589e-09  4.3513507353697394138e-08  1.6939718781897123553e-06 -3.4318573632684020202e-06 -1.5453149130121534863e-07  3.3451963828910457805e-08 -9.3400655807161034886e-06 -7.7738239374910698048e-06 -1.1640451819008969239e-07  1.4347604178341947286e-07  4.0358632195595045027e-06  1.5118808452187805146e-06  -6.954567350194771222e-08  5.8209903872291524633e-08  -5.926809460573074286e-06  7.8618082588344307321e-06  9.9949701917550933866e-08 -1.0522858062604053652e-07 -7.2808349934121044137e-06 -9.7007636256957376363e-06  4.6710552508346686292e-07 -6.3180072082351001917e-08 -6.3270600634915963515e-06  3.6266698909679081293e-06  2.2864055421332984606e-08 -2.0168967892996690469e-06  1.2755351425308714887e-05 -5.8279177784440871352e-07  3.8504192590403120942e-06 -1.3455827499006998914e-08  1.9013009213233341668e-05   1.878669554620199681e-05 -5.4289037464432867032e-06
-7.8489452679896131609e-05 -7.7869792928512522271e-08  5.5779256635861156613e-08   8.192294864141805287e-07  7.1159534464423291517e-09 -3.8932984761519103355e-09  8.7724681838071795868e-09  6.5078333019944594206e-08  2.6565020159744884713e-08  -2.148333537360127072e-10  -4.642946595475917444e-10 -1.1688761109896408628e-07 -3.7145562378816930248e-08  1.3205874068872303587e-09   1.673763919145974178e-09  3.7795768434335574431e-08  7.8616474754080537181e-08  4.7777541995658637818e-11 -1.5469785934256687207e-09 -6.0223557989100851733e-08  1.2200831878507209524e-07  5.4938552093712726858e-09 -1.1892737473615090424e-09  3.3205508802387970448e-07  2.7637255536784219875e-07  4.1383769953169870737e-09 -5.1008153285427425256e-09 -1.4348174593014182363e-07 -5.3749914580604961305e-08  2.4724660160896524397e-09 -2.0694602823863006888e-09  2.1070807481209023122e-07 -2.7950054642057192578e-07 -3.5533805176610180124e-09  3.7410535611816098843e-09   2.588459667367172254e-07  3.4487851201814397909e-07 -1.6606389420676764101e-08  2.2461581468951145562e-09  2.2493765896598708039e-07 -1.2893423279224696491e-07 -8.1285574174003870067e-10  7.1704083351268495347e-08 -4.5347426136398402869e-07  2.0719230868278478078e-08 -1.3688890029093827815e-07   4.783773674825040596e-10  -6.759445523523803156e-07 -6.6789871969974376825e-07  1.9300668671109906325e-07
-9.9480589655769662764e-05  -9.869520874981528151e-08  7.0696802579657293742e-08  1.0383233617929194124e-06  9.0190365793747722006e-09 -4.9345181408393728644e-09  1.1118567882244182427e-08    8.24828142074286131e-08  3.3669541313870281076e-08 -2.7228816073601121632e-10 -5.8846513676416208516e-10 -1.4814791132512997601e-07 -4.7079732656695739552e-08   1.673763919145974178e-09  2.1213935877506993752e-09  4.7903829138353539483e-08  9.9641582380368078196e-08  6.0555117761049281198e-11 -1.9607009273776776763e-09 -7.6329683229638755685e-08  1.5463809570883794555e-07  6.9631260895728206448e-09 -1.5073318721198468385e-09  4.2085955280555706652e-07  3.5028534196553125098e-07  5.2451402023529954953e-09 -6.4649720348806964919e-09 -1.8185435370765165589e-07 -6.8124735411684205329e-08  3.1336997365437045208e-09 -2.6229145717271058477e-09  2.6705962153954078237e-07 -3.5424987966759163477e-07 -4.5036928797285906607e-09   4.741557005346365037e-09  3.2807146083695262098e-07  4.3711245987522389869e-07 -2.1047584805562016309e-08  2.8468683279590483865e-09  2.8509475076842182376e-07 -1.6341626890044928515e-07 -1.0302450295221506041e-09  9.0880548264259926128e-08 -5.7475094262898899545e-07  2.6260360260077354213e-08 -1.7349832433932080997e-07  6.0631410935196277693e-10 -8.5671845511344081152e-07 -8.4652085340738399971e-07   2.446241927540469299e-07
 -0.0022464012321756297169 -2.2286663088004483705e-06  1.5964258452363191461e-06  2.3446693343891721989e-05  2.0366158820581066449e-07 -1.1142784406617828729e-07  2.5107173848816355256e-07  1.8625693324701241378e-06  7.6030207858624046883e-07 -6.1486211722382587672e-09 -1.3288308934372542875e-08 -3.3453727173973988553e-06 -1.0631216583703336429e-06  3.7795768434335574431e-08  4.7903829138353539483e-08  1.0817308298502534478e-06  2.2500366574999120092e-06  1.3674133981680931257e-09 -4.4275179654945500729e-08  -1.723623623984935349e-06  3.4919295306114965342e-06  1.5723645267419721545e-07  -3.403751612796391567e-08  9.5035566361910522848e-06  7.9098990720426738221e-06  1.1844209462640968307e-07 -1.4598748555261200542e-07 -4.1065080701567657179e-06 -1.5383452199066299494e-06  7.0763019939859750365e-08 -5.9228825906717635926e-08  6.0305539499381923704e-06 -7.9994234949449947509e-06 -1.0169924876170210959e-07  1.0707053040294598279e-07  7.4082807150213260671e-06  9.8705684381322227505e-06 -4.7528186759992040336e-07  6.4285993296764516363e-08  6.4378106485805573238e-06 -3.6901521099319535785e-06 -2.3264274083714665391e-08  2.0522011008183644683e-06 -1.2978624575743898662e-05  5.9299312408320046769e-07 -3.9178180479718618091e-06  1.3691361973694579096e-08 -1.9345818112396114934e-05 -1.9115542989208879349e-05  5.5239327583819620876e-06
 -0.0046725904267218149046 -4.6357011871707530577e-06  3.3206196714012889685e-06  4.8769913979634441623e-05  4.2362298137620888099e-07  -2.317736787161668512e-07  5.2223769506393997569e-07  3.8742071128480863056e-06  1.5814539998173439302e-06 -1.2789339684930028535e-08 -2.7640131346409737719e-08 -6.9584882296330986064e-06 -2.2113289523665394254e-06  7.8616474754080537181e-08  9.9641582380368078196e-08  2.2500366574999120092e-06   4.680152234169206525e-06  2.8442660474608534327e-09 -9.2093868910819929602e-08 -3.5851953468274697166e-06  7.2633313505264368966e-06  3.2705713163520476445e-07 -7.0799183035917690629e-08  1.9767718750344346105e-05  1.6452857197094312996e-05  2.4636355676151594412e-07 -3.0365890013053168221e-07 -8.5416754678712673474e-06 -3.1998100092597342259e-06  1.4718947123114041191e-07  -1.231979581179573539e-07   1.254375587526722047e-05 -1.6639071020083566553e-05 -2.1153787193594994628e-07  2.2271031914467789222e-07  1.5409474074206768569e-05  2.0531115692832386469e-05 -9.8860233547460319932e-07  1.3371703707616187479e-07  1.3390863562014550906e-05 -7.6756410097389361264e-06  -4.839047575793828407e-08  4.2686475951158775504e-06 -2.6995977422031595185e-05  1.2334457242170851977e-06 -8.1491938494271780606e-06  2.8478495279807908503e-08 -4.0239955006406521358e-05 -3.9760974973496378976e-05  1.1489966687595094079e-05
-2.8396705148576552446e-06 -2.8172518399253083755e-09  2.0180381567382687136e-09   2.963890991774213506e-08  2.5744813471145142317e-10 -1.4085567564545581401e-10   3.173791941915870566e-10  2.3544695130758360835e-09  9.6109606958118707029e-10 -7.7724575644594414186e-12  -1.679772007457083794e-11 -4.2288777849370022737e-09 -1.3438895882624676589e-09  4.7777541995658637818e-11  6.0555117761049281198e-11  1.3674133981680931257e-09  2.8442660474608534327e-09  1.7285440609550289137e-12 -5.5968150482364325426e-11 -2.1788285697305261162e-09  4.4141399078715133566e-09  1.9876223006132156304e-10 -4.3026744093244929727e-11  1.2013423594828950684e-08  9.9988848157039300339e-09  1.4972237328362533717e-10 -1.8454243717648949922e-10 -5.1910271944408668797e-09 -1.9446185748439542511e-09  8.9451367096558647028e-11 -7.4871019543579680486e-11  7.6232090664019735878e-09 -1.0112052428165210327e-08 -1.2855778119925845056e-10  1.3534760569061346523e-10   9.364790230220965038e-09   1.247736235058174986e-08  -6.008026911393965462e-10  8.1263772948681520217e-11  8.1380213014331003247e-09 -4.6647126042416069383e-09 -2.9408314159937537347e-11  2.5941825854984723413e-09 -1.6406248805095642379e-08  7.4960121364496174244e-10 -4.9525045811286607955e-09  1.7307218473740640708e-11 -2.4455003181406456153e-08 -2.4163912939710543259e-08  6.9827904095483416038e-09
  9.194507116473290794e-05  9.1219181787324985224e-08 -6.5341616558549037111e-08 -9.5967178846046854151e-07 -8.3358569043207002186e-09  4.5607351463545275816e-09  -1.027635158497034838e-08 -7.6234853938962455594e-08 -3.1119119648364159202e-08  2.5166270528569101075e-10  5.4388970818295708227e-10  1.3692590983657863381e-07  4.3513507353697394138e-08 -1.5469785934256687207e-09 -1.9607009273776776763e-09 -4.4275179654945500729e-08 -9.2093868910819929602e-08 -5.5968150482364325426e-11  1.8121805160615326266e-09  7.0547814209941302589e-08 -1.4292447163739978818e-07  -6.435678819859595569e-09  1.3931535461389496022e-09 -3.8898001777998440175e-07 -3.2375170680460063831e-07 -4.8478280119078137332e-09  5.9752592529053028164e-09  1.6807913534815652718e-07  6.2964379957740053123e-08 -2.8963262711089578229e-09  2.4242323833318428374e-09 -2.4683022077619462697e-07  3.2741593620264218159e-07  4.1625443090317378908e-09 -4.3823905527375852259e-09 -3.0322049676373168792e-07 -4.0400178938714132766e-07  1.9453259067819643807e-08 -2.6312219490914290953e-09 -2.6349921365362573316e-07  1.5103771022587085041e-07  9.5220537880107331373e-10 -8.3996471136343777821e-08  5.3121434548065852273e-07   -2.42711739172355888e-08  1.6035606376620975192e-07 -5.6038664553004711163e-10  7.9182320486956104052e-07  7.8239805753360953871e-07 -2.2609424501015394128e-07
  0.0035794026812222684564  3.5511439572814299537e-06 -2.5437356732916182101e-06 -3.7359825047656841082e-05 -3.2451319223139989574e-07  1.7754847980875419155e-07 -4.0005625043808131039e-07  -2.967807160677649564e-06 -1.2114609178676234326e-06    9.79717727826143898e-09  2.1173514306942001357e-08  5.3304974653806113459e-06  1.6939718781897123553e-06 -6.0223557989100851733e-08 -7.6329683229638755685e-08  -1.723623623984935349e-06 -3.5851953468274697166e-06 -2.1788285697305261162e-09  7.0547814209941302589e-08  2.7464118754664979552e-06 -5.5640202406783473415e-06 -2.5053965080976092313e-07  5.4235180583739459135e-08 -1.5142911968484143388e-05 -1.2603587258206006949e-05 -1.8872494592818426541e-07  2.3261561190733061714e-07  6.5432861174778824686e-06     2.4511903420950166e-06  -1.127533851371728673e-07  9.4374867329834474468e-08  -9.609049651721625099e-06  1.2746234953898880773e-05  1.6204699253275078801e-07 -1.7060556151539345734e-07 -1.1804311480417395742e-05 -1.5727706442904995057e-05  7.5731136844857147899e-07  -1.024329284883001392e-07 -1.0257970110892857508e-05  5.8798669477295518912e-06  3.7069159257578074142e-08 -3.2699653194021387498e-06  2.0680065047864452552e-05 -9.4487180112258285773e-07  6.2426285316224739325e-06 -2.1815736679757790638e-08   3.082551426259860089e-05  3.0458595218240298456e-05 -8.8018023864305097113e-06
 -0.0072515958533991582008 -7.1943458417067749239e-06  5.1534137685470389085e-06   7.568814590785152667e-05  6.5743888819879215329e-07 -3.5969962997257307918e-07  8.1048334182187525974e-07  6.0125501422235790269e-06   2.454327090564777601e-06 -1.9848331258945492452e-08 -4.2895919298378135246e-08 -1.0799179851792827656e-05 -3.4318573632684020202e-06  1.2200831878507209524e-07  1.5463809570883794555e-07  3.4919295306114965342e-06  7.2633313505264368966e-06  4.4141399078715133566e-09 -1.4292447163739978818e-07 -5.5640202406783473415e-06  1.1272279119977175125e-05  5.0757415544644562491e-07 -1.0987632453108108971e-07  3.0678380561963181658e-05   2.553390306685247632e-05  3.8234229484861285344e-07 -4.7126142459252477553e-07 -1.3256196830277904695e-05 -4.9659240112539118162e-06    2.28429727788615312e-07 -1.9119625746059697487e-07  1.9467199087456974605e-05 -2.5822896379622235714e-05 -3.2829480328405974097e-07   3.456338089430621328e-07  2.3914631520138637805e-05  3.1863129405128522598e-05 -1.5342548654789606394e-06  2.0752127257826222297e-07  2.0781862267321715449e-05 -1.1912160372560985568e-05 -7.5099279265627212123e-08  6.6246994436620486408e-06 -4.1896228869647646523e-05  1.9142379456101310971e-06 -1.2647087574613631781e-05  4.4197012667979260504e-08 -6.2450132414055753763e-05 -6.1706782515325250848e-05  1.7831777917225884563e-05
-0.00032652869945394645112 -3.2395081560057725392e-07  2.3205064507324246297e-07  3.4081259280033602439e-06  2.9603506521033301894e-08 -1.6196745481059148173e-08  3.6494873250573362246e-08  2.7073629281499836987e-07  1.1051474035760656737e-07 -8.9374117412743086989e-10 -1.9315401772997628855e-09 -4.8627119098512123613e-07 -1.5453149130121534863e-07  5.4938552093712726858e-09  6.9631260895728206448e-09  1.5723645267419721545e-07  3.2705713163520476445e-07  1.9876223006132156304e-10  -6.435678819859595569e-09 -2.5053965080976092313e-07  5.0757415544644562491e-07  2.2855317947245256735e-08 -4.9475693454560246565e-09  1.3814023711146933894e-06  1.1497541132955292389e-06  1.7216311389531450432e-08 -2.1220209066516069184e-08 -5.9690705304090980508e-07 -2.2360825696343613418e-07  1.0285854788290807081e-08 -8.6092863627812712204e-09  8.7657935281359394957e-07 -1.1627670572705217236e-06 -1.4782632308939915944e-08  1.5563382240695275628e-08  1.0768406963180223679e-06  1.4347498696183503115e-06 -6.9085240819219505354e-08  9.3443777913029755467e-09  9.3577670288930177724e-07  -5.363870674502514297e-07 -3.3816101288986410979e-09  2.9830047583226529197e-07 -1.8865255871117444232e-06  8.6195320238713943339e-08  -5.694797588151581018e-07  1.9901264987706269614e-09 -2.8120376438697683697e-06 -2.7785656908571238766e-06  8.0293874203345865314e-07
  7.068479150274462866e-05  7.0126748111770353945e-08 -5.0232801871655768188e-08 -7.3776875061480434614e-07 -6.4083729537057310712e-09  3.5061652444830715865e-09 -7.9001708301591336289e-09 -5.8607217196702354872e-08 -2.3923506243772420499e-08  1.9347122827568067672e-10   4.181271506606553557e-10  1.0526479848801888462e-07  3.3451963828910457805e-08 -1.1892737473615090424e-09 -1.5073318721198468385e-09  -3.403751612796391567e-08 -7.0799183035917690629e-08 -4.3026744093244929727e-11  1.3931535461389496022e-09  5.4235180583739459135e-08 -1.0987632453108108971e-07 -4.9475693454560246565e-09   1.071017366050096313e-09 -2.9903692614746968265e-07 -2.4889123042974546352e-07 -3.7268741860988903197e-09  4.5936116978988230486e-09  1.2921452436270517565e-07  4.8405249058304658245e-08 -2.2266143905687105974e-09  1.8636818526465996182e-09 -1.8975614974382553599e-07  2.5170818720336949693e-07  3.2000472986495592992e-09 -3.3690589237661178565e-09 -2.3310741208414079515e-07 -3.1058524277394080915e-07  1.4955119875801801378e-08 -2.0228096244087911154e-09 -2.0257080387564891771e-07  1.1611355476836744907e-07  7.3202878431358905607e-10 -6.4574130772070254954e-08   4.083826873796555336e-07 -1.8658997661689777896e-08  1.2327724357521608488e-07  -4.308095333271892153e-10  6.0873146797572065108e-07  6.0148567909454371696e-07 -1.7381491325271969174e-07
  -0.019735779686103474551  -1.957996934578256677e-05   1.402541465678923673e-05  0.00020599115045646338253  1.7892708469799977231e-06   -9.78950398481463191e-07  2.2057931794358840528e-06  1.6363620830158629664e-05  6.6796412425985531472e-06 -5.4018770596506682442e-08 -1.1674456627486085941e-07 -2.9390804266303181792e-05 -9.3400655807161034886e-06  3.3205508802387970448e-07  4.2085955280555706652e-07  9.5035566361910522848e-06  1.9767718750344346105e-05  1.2013423594828950684e-08 -3.8898001777998440175e-07 -1.5142911968484143388e-05  3.0678380561963181658e-05  1.3814023711146933894e-06 -2.9903692614746968265e-07  8.3493588464880633213e-05  6.9492494568282599612e-05  1.0405741644129759132e-06 -1.2825744620003397817e-06 -3.6077766247184552006e-05 -1.3515146762915409263e-05  6.2168919401092565776e-07  -5.203554211147994292e-07  5.2981489876531490449e-05 -7.0279012248926234305e-05 -8.9347973062643693157e-07  9.4066917727793083051e-07  6.5085521655838837036e-05  8.6717974189730000884e-05 -4.1755934306834738284e-06  5.6478521398356927477e-07  5.6559447529408698519e-05 -3.2419866943935540555e-05 -2.0438850428720832398e-07  1.8029632559498016601e-05 -0.00011402383135601085033  5.2097468095429093007e-06 -3.4420028237843926656e-05  1.2028559263824557085e-07 -0.00016996287156765087895 -0.00016793978725247184994  4.8530564513041846305e-05
  -0.016426274015210733104 -1.6296591611717116009e-05  1.1673483794085589711e-05  0.00017144836109459120148  1.4892268604222784226e-06 -8.1478957246766403085e-07  1.8359022933261384176e-06  1.3619594660679189678e-05  5.5595278787736345766e-06 -4.4960327987843335749e-08 -9.7167594385342826113e-08 -2.4462241273683304311e-05 -7.7738239374910698048e-06  2.7637255536784219875e-07  3.5028534196553125098e-07  7.9098990720426738221e-06  1.6452857197094312996e-05  9.9988848157039300339e-09 -3.2375170680460063831e-07 -1.2603587258206006949e-05   2.553390306685247632e-05  1.1497541132955292389e-06 -2.4889123042974546352e-07  6.9492494568282599612e-05  5.7839253170368437813e-05  8.6607960919993513396e-07 -1.0674987202336683973e-06 -3.0027862271398264024e-05  -1.124878305364118533e-05  5.1743773063648266301e-07 -4.3309668371250671645e-07  4.4096989543251429529e-05 -5.8493879192017715564e-05 -7.4365153623196963917e-07   7.829277540278852136e-07  5.4171288398326230184e-05  7.2176180963728182264e-05  -3.475385465354396369e-06  4.7007601585489752397e-07  4.7074957161240536016e-05 -2.6983358470136009969e-05   -1.70114463698880872e-07  1.5006231804685889335e-05 -9.4903101266216274194e-05  4.3361209946865570547e-06 -2.8648111421927966119e-05   1.001148237456807964e-07 -0.00014146168761440576912 -0.00013977785561761820604  4.0392442735130541591e-05
-0.00024596550266304406272 -2.4402365038830890347e-07  1.7479766297471741288e-07  2.5672518477614850474e-06  2.2299544800231632064e-08 -1.2200583441566592489e-08  2.7490630559312867506e-08  2.0393854648222793187e-07   8.324785450464931785e-08 -6.7323177874573727873e-10 -1.4549785406853888115e-09 -3.6629533061329451451e-07 -1.1640451819008969239e-07  4.1383769953169870737e-09  5.2451402023529954953e-09  1.1844209462640968307e-07  2.4636355676151594412e-07  1.4972237328362533717e-10 -4.8478280119078137332e-09 -1.8872494592818426541e-07  3.8234229484861285344e-07  1.7216311389531450432e-08 -3.7268741860988903197e-09  1.0405741644129759132e-06  8.6607960919993513396e-07  1.2968595691622617858e-08 -1.5984626767536711896e-08 -4.4963442291549902759e-07 -1.6843823350166422374e-07  7.7480645577307034712e-09 -6.4851495483638098106e-09  6.6030422899856252361e-07 -8.7588191849552751036e-07 -1.1135369088940320901e-08  1.1723487529186108428e-08  8.1115584510892619489e-07  1.0807594354388033135e-06 -5.2040099424992220006e-08  7.0388746359962325295e-09  7.0489603973998052633e-07 -4.0404630554063933073e-07 -2.5472781919504938683e-09  2.2470192238969355231e-07  -1.421070230875921687e-06  6.4928673360632115905e-08 -4.2897416174333924206e-07  1.4991100796094036097e-09 -2.1182341819830784116e-06   -2.09302063793124784e-06  6.0483268889430766272e-07
  0.0003031682728992831765  3.0077481530468935373e-07 -2.1544934154230983218e-07 -3.1643027187010627453e-06 -2.7485620586346454482e-08  1.5038002363325243051e-08 -3.3883967049625417336e-08 -2.5136735129603518901e-07 -1.0260832514923771828e-07   8.298013884608206324e-10  1.7933544603179184215e-09  4.5148251096510104471e-07  1.4347604178341947286e-07 -5.1008153285427425256e-09 -6.4649720348806964919e-09 -1.4598748555261200542e-07 -3.0365890013053168221e-07 -1.8454243717648949922e-10  5.9752592529053028164e-09  2.3261561190733061714e-07 -4.7126142459252477553e-07 -2.1220209066516069184e-08  4.5936116978988230486e-09 -1.2825744620003397817e-06 -1.0674987202336683973e-06 -1.5984626767536711896e-08  1.9702078696346661144e-08  5.5420329255724868564e-07  2.0761093644445520563e-07 -9.5499869894246632665e-09   7.993363161843208013e-09 -8.1386735345494595002e-07  1.0795806957440341275e-06  1.3725057287463773959e-08 -1.4449951021987977352e-08 -9.9980165491223564808e-07 -1.3321053884147623689e-06  6.4142763490680053225e-08 -8.6758648812347288682e-09  -8.688296229665655324e-07  4.9801301115750515538e-07  3.1396839056149070237e-09 -2.7695954510074250252e-07  1.7515602915805552628e-06 -8.0028758306609850252e-08  5.2873819428372191298e-07 -1.8477494152653617466e-09  2.6108596189107917755e-06  2.5797823071694973682e-06 -7.4549511903023142749e-07
  0.0085278745268047417144  8.4605485303977821316e-06 -6.0604130306402523748e-06 -8.9009236658726823346e-05 -7.7314793335776551877e-07  4.2300665588062708437e-07 -9.5312816445534757074e-07 -7.0707571458177781237e-06 -2.8862879149922840591e-06  2.3341631547682235634e-08  5.0445588100036994758e-08  1.2699832234213435128e-05  4.0358632195595045027e-06 -1.4348174593014182363e-07 -1.8185435370765165589e-07 -4.1065080701567657179e-06 -8.5416754678712673474e-06 -5.1910271944408668797e-09  1.6807913534815652718e-07  6.5432861174778824686e-06 -1.3256196830277904695e-05 -5.9690705304090980508e-07  1.2921452436270517565e-07 -3.6077766247184552006e-05 -3.0027862271398264024e-05 -4.4963442291549902759e-07  5.5420329255724868564e-07  1.5589283456585121141e-05  5.8399251328615408083e-06 -2.6863329067909147389e-07  2.2484674085281996714e-07 -2.2893420229471604714e-05   3.036771831966804882e-05  3.8607458920868841652e-07 -4.0646525461101002427e-07 -2.8123599423003605498e-05 -3.7471030527840124046e-05  1.8042832570173118346e-06 -2.4404495368570744995e-07 -2.4439463730729547674e-05  1.4008696989471348639e-05  8.8316729665861803662e-08  -7.790644538865398305e-06  4.9269952458695435418e-05 -2.2511432441397965293e-06  1.4872971156446984078e-05 -5.1975673508535777816e-08  7.3441336800336199948e-05  7.2567157544619058807e-05 -2.0970165428713022956e-05
  0.0031946400177834729378  3.1694189241003095876e-06 -2.2703005222608485423e-06 -3.3343885218826147389e-05 -2.8963012058958569236e-07  1.5846316528432132319e-07 -3.5705278808627627427e-07 -2.6487870644740221175e-06 -1.0812366958609568334e-06  8.7440440156807052551e-09  1.8897498310799185776e-08  4.7575034256227740007e-06  1.5118808452187805146e-06 -5.3749914580604961305e-08 -6.8124735411684205329e-08 -1.5383452199066299494e-06 -3.1998100092597342259e-06 -1.9446185748439542511e-09  6.2964379957740053123e-08     2.4511903420950166e-06 -4.9659240112539118162e-06 -2.2360825696343613418e-07  4.8405249058304658245e-08 -1.3515146762915409263e-05  -1.124878305364118533e-05 -1.6843823350166422374e-07  2.0761093644445520563e-07  5.8399251328615408083e-06   2.187703216277178881e-06 -1.0063312468011135233e-07  8.4230178802331145115e-08 -8.5761388935921407082e-06  1.1376097043624955928e-05  1.4462798774286329578e-07 -1.5226656585265370554e-07 -1.0535424258229925053e-05 -1.4037079609410766799e-05  6.7590528896347454224e-07 -9.1422050445504475229e-08 -9.1553045957642550408e-06  5.2478192378301975076e-06  3.3084464123329515159e-08  -2.918465173233607313e-06  1.8457091659135010475e-05 -8.4330418686243103193e-07  5.5715862950820877535e-06 -1.9470685927625959966e-08  2.7511970628134457952e-05  2.7184493010557880664e-05 -7.8556654940849798499e-06
